4 6 8

2 3 3
2 3 3
5 6 5
1 2 3

10

66

R 3 0 1 28 15 0
R 3 0 2 40 15 0
R 3 0 3 25 50 0
R 3 2 4 310 51 0
R 3 2 5 30 90 0
R 3 2 6 25 46 0
R 3 2 7 78 78 0
R 3 2 8 22 48 0
R 3 1 9 15 15 0
R 3 0 10 50 5 0

P 4 2 200

R 5 1 11 40 30 0

X 6 3

R 7 0 12 20 15 0
R 7 0 13 20 50 0
R 7 2 14 310 51 0
R 7 2 15 210 90 0
R 7 2 16 120 46 0
R 7 2 17 201 78 0
R 7 2 18 80 78 0
R 7 2 19 180 49 0
R 7 1 20 20 15 0
R 7 0 21 50 5 0

P 8 12 200

R 8 1 22 40 30 0

X 8 13

R 9 0 23 70 50 1
R 9 0 24 51 50 1
R 9 0 25 30 51 1
R 9 0 26 12 50 1
R 10 0 27 61 39 1
R 10 0 28 20 50 1
R 10 0 29 20 10 1

X 12 28
X 12 29

P 13 28 300

R 13 2 30 310 51 0
R 13 2 31 30 90 0
R 13 2 32 25 46 0
R 13 1 33 78 78 0
R 13 1 34 22 48 0
R 13 1 35 15 15 0
R 13 0 36 50 5 0

P 14 27 200

X 16 36
X 17 35

P 17 34 210
P 17 33 120

R 17 2 37 80 78 0
R 17 0 38 80 78 0
R 17 1 39 180 49 0
R 17 1 40 20 15 0
R 17 0 41 50 5 0

P 18 39 200

R 18 1 42 40 30 0

X 18 41

R 19 0 43 70 50 1
R 19 0 44 51 50 1
R 19 0 45 30 51 1
R 19 0 46 12 50 1
R 20 0 47 61 39 1
R 21 0 48 20 50 1
R 22 0 49 20 10 1

X 23 47
X 24 45

P 25 49 400