3  4  7

8  5  3

10 7  4

5  4  3

8  4  2

11

41

R 5 0 1 10 70 0

R 6 0 2 15 50 0

R 4 0 3 25 35 0

R 5 0 4 5 85 0

R 7 0 5 20 70 0

R 5 2 6 15 125 0

R 7 2 7 30 250 0

R 5 1 8 25 50 0

R 7 1 9 10 70 0

R 5 1 10 22 65 0

R 5 1 11 15 40 1

R 6 1 12 17 50 1

R 7 1 13 19 60 1

R 9 1 14 21 70 1

R 5 0 15 12 65 1

R 6 0 16 30 85 1

R 7 0 17 25 75 1

R 4 0 18 13 30 1

R 8 2 19 15 250 1

R 5 2 20 30 350 1

R 5 2 21 10 400 2

R 7 2 22 15 300 2

R 7 2 23 20 400 2

R 8 2 24 10 250 2

R 8 2 25 17 350 2

R 9 0 26 22 40 2

R 10 0 27 10 55 2

R 12 0 28 13 85 2

R 13 1 29 10 70 2

R 14 1 30 10 70 2

R 5 2 31 10 400 3

R 7 2 32 15 300 3

R 14 2 33 35 600 3

R 13 1 34 20 76 3

R 12 1 35 20 40 3

R 8 0 36 10 25 3

R 8 0 37 17 35 3

R 9 0 38 22 40 3

R 10 0 39 10 55 3

R 12 0 40 13 85 3

P 8 37 100









