2 3 6
3 3 2
6 3 2 
4 2 1 
5 4 2 
20
46

R 1 0 0 16 20 0
R 1 0 1 16 20 0
R 1 1 2 24 30 1
R 1 2 3 20 80 1
R 1 2 4 5 10 0

R 2 0 5 5 10 0
R 2 1 6 15 26 3
R 2 2 7 60 150 0
R 2 2 8 60 250 2
R 2 0 9 20 10 0

R 4 1 10 15 26 0
R 4 2 11 60 150 1
R 4 2 12 60 250 0
R 4 0 13 5 10 2

R 5 1 14 15 26 0
R 5 2 15 60 150 2
R 5 2 16 60 250 2

R 6 0 17 5 10 0
R 6 1 18 15 26 1
R 6 2 19 60 150 2
R 6 2 20 60 250 2

P 7 9 60

R 7 2 21 60 150 0
R 7 2 22 60 250 1
R 7 0 23 5 10 0
R 8 1 24 15 26 1
R 8 2 25 60 150 2
R 8 2 26 60 250 2
X 9 17

R 10 2 27 60 150 0
R 10 2 28 60 250 1
R 10 0 29 5 10 0
R 10 1 30 15 26 1
R 10 2 31 60 150 2
R 10 2 32 60 250 2

R 14 2 33 60 150 0
R 14 2 44 60 250 0
R 14 0 45 5 10 1
R 14 1 46 15 26 0
R 14 2 47 60 150 3
R 14 2 48 60 250 2

R 18 0 49 50 17 2
R 18 1 50 5 113 0
R 18 2 51 16 120 1
R 18 2 52 5 200 0

R 18 0 53 10 10 1
R 18 0 54 10 10 3
