2 3 6
4 2 2
2 3 2 
3 2 1 
2 4 2 
22
45

R 1 1 0 16 20 0
R 1 2 1 40 120 2
R 1 1 2 24 33 1
R 1 2 3 20 84 3
R 1 0 4 19 14 0

R 2 0 5 30 10 3
R 2 1 6 15 36 3
R 2 2 7 27 150 1
R 2 2 8 24 250 2
R 2 0 9 56 10 0

R 4 1 10 35 26 0
R 4 2 11 46 120 1
R 4 2 12 20 240 2
R 4 0 13 7 24 0

R 5 1 14 14 26 0
R 5 2 15 20 120 1
R 5 2 16 15 95 2

R 6 0 17 4 10 0
R 6 1 18 22 26 1
R 6 2 19 18 125 3
R 6 2 20 60 150 2

P 7 9 60

R 7 2 21 64 150 0
R 7 2 22 12 250 1
R 7 0 23 11 10 0
R 8 1 24 5 26 1
R 8 2 25 34 150 2
R 8 2 26 30 250 2

X 9 17

R 9 2 27 60 160 2
R 10 2 28 60 110 0
R 10 0 29 5 10 3
R 10 1 30 15 26 1
R 10 2 31 41 160 2
R 11 2 32 32 200 3

R 12 2 33 10 90 0
R 12 2 44 22 140 0
R 12 0 45 12 15 1

R 14 1 46 14 26 0
R 14 2 47 7 99 3
R 14 2 48 10 135 2

R 18 0 49 42 17 2
R 18 1 50 6 103 0
R 18 2 51 16 278 1
R 18 2 52 9 202 0
